 
****************************************
Report : net
Design : simpledsp
Version: C-2009.06-SP5
Date   : Tue Nov 10 22:41:42 2015
****************************************


Operating Conditions: typical   Library: gscl45nm
Wire Load Model Mode: top


Attributes:
   dr - drc disabled
    d - dont_touch

Net                 Fanout     Fanin      Load   Resistance    Pins   Attributes
--------------------------------------------------------------------------------
clk                     26         1     0.214        0.000      27   dr
cp/N38                   1         1     0.002        0.000       2   
cp/N39                   1         1     0.002        0.000       2   
cp/n9                    1         1     0.002        0.000       2   
cp/n10                   1         1     0.002        0.000       2   
cp/n12                   1         1     0.003        0.000       2   d
cp/n13                   1         1     0.002        0.000       2   
cp/n14                   1         1     0.002        0.000       2   d
cp/n16                   1         1     0.003        0.000       2   
cp/n17                   1         1     0.003        0.000       2   
cp/n18                   1         1     0.002        0.000       2   
cp/n19                   1         1     0.003        0.000       2   
cp/n20                   1         1     0.002        0.000       2   
cp/state[0]              4         1     0.008        0.000       5   
cp/state[1]              5         1     0.013        0.000       6   
dp/arith/N13             1         1     0.003        0.000       2   
dp/arith/N14             1         1     0.003        0.000       2   
dp/arith/N15             1         1     0.003        0.000       2   
dp/arith/N16             1         1     0.003        0.000       2   
dp/arith/N17             1         1     0.002        0.000       2   
dp/arith/N18             1         1     0.002        0.000       2   
dp/arith/N19             1         1     0.002        0.000       2   
dp/arith/N20             1         1     0.002        0.000       2   
dp/arith/N22             2         1     0.006        0.000       3   
dp/arith/N23             1         1     0.003        0.000       2   
dp/arith/N24             1         1     0.003        0.000       2   
dp/arith/N25             1         1     0.003        0.000       2   
dp/arith/N26             1         1     0.002        0.000       2   
dp/arith/add_37/carry[2]
                         1         1     0.008        0.000       2   
dp/arith/add_37/carry[3]
                         1         1     0.008        0.000       2   
dp/arith/n6              1         1     0.002        0.000       2   d
dp/arith/n7              1         1     0.003        0.000       2   d
dp/arith/n8              1         1     0.002        0.000       2   d
dp/arith/n10             5         1     0.012        0.000       6   
dp/arith/n12             1         1     0.002        0.000       2   d
dp/arith/n14             1         1     0.002        0.000       2   d
dp/arith/n16             1         1     0.002        0.000       2   
dp/arith/n18             1         1     0.002        0.000       2   d
dp/arith/r306/carry[2]
                         1         1     0.008        0.000       2   
dp/arith/r306/carry[3]
                         1         1     0.008        0.000       2   
dp/arith/r306/carry[4]
                         1         1     0.008        0.000       2   
dp/arith/sub_37/carry[2]
                         1         1     0.008        0.000       2   
dp/arith/sub_37/carry[3]
                         1         1     0.008        0.000       2   
dp/arith/sub_37/carry[4]
                         1         1     0.002        0.000       2   
dp/arith_regout[0]       1         1     0.003        0.000       2   
dp/arith_regout[1]       1         1     0.003        0.000       2   
dp/arith_regout[2]       1         1     0.003        0.000       2   
dp/arith_regout[3]       1         1     0.003        0.000       2   
dp/dpuw_regout[0]        1         1     0.003        0.000       2   
dp/dpuw_regout[1]        1         1     0.003        0.000       2   
dp/dpuw_regout[2]        1         1     0.003        0.000       2   
dp/dpuw_regout[3]        1         1     0.003        0.000       2   
dp/dpuz_regnext[0]       2         1     0.007        0.000       3   
dp/dpuz_regnext[1]       2         1     0.007        0.000       3   
dp/dpuz_regnext[2]       2         1     0.007        0.000       3   
dp/dpuz_regnext[3]       2         1     0.013        0.000       3   
dp/dpuz_regout[0]        1         1     0.002        0.000       2   
dp/dpuz_regout[1]        1         1     0.002        0.000       2   
dp/dpuz_regout[2]        1         1     0.002        0.000       2   
dp/dpuz_regout[3]        1         1     0.002        0.000       2   
dp/logic/n2              1         1     0.003        0.000       2   d
dp/logic/n3              1         1     0.002        0.000       2   
dp/logic/n4              1         1     0.002        0.000       2   d
dp/logic/n5              1         1     0.002        0.000       2   
dp/logic/n6              4         1     0.012        0.000       5   d
dp/logic/n7              1         1     0.003        0.000       2   d
dp/logic/n8              2         1     0.006        0.000       3   d
dp/logic/n9              1         1     0.002        0.000       2   d
dp/logic/n10             1         1     0.002        0.000       2   
dp/logic/n11             1         1     0.003        0.000       2   d
dp/logic/n12             2         1     0.006        0.000       3   d
dp/logic/n13             1         1     0.002        0.000       2   d
dp/logic/n14             1         1     0.002        0.000       2   d
dp/logic/n15             1         1     0.003        0.000       2   d
dp/logic/n16             2         1     0.006        0.000       3   d
dp/logic/n17             1         1     0.002        0.000       2   
dp/logic/n18             1         1     0.002        0.000       2   
dp/logic/n19             1         1     0.002        0.000       2   
dp/logic/n20             1         1     0.002        0.000       2   
dp/logic_res[0]          3         1     0.008        0.000       4   d
dp/logic_res[1]          3         1     0.007        0.000       4   d
dp/logic_res[2]          3         1     0.007        0.000       4   d
dp/mux_regout[0]         3         1     0.008        0.000       4   
dp/mux_regout[1]         3         1     0.008        0.000       4   
dp/mux_regout[2]         3         1     0.008        0.000       4   
dp/mux_regout[3]         3         1     0.008        0.000       4   
dp/mux_unit/n6           1         1     0.002        0.000       2   
dp/mux_unit/n7           1         1     0.002        0.000       2   
dp/mux_unit/n8           1         1     0.002        0.000       2   
dp/mux_unit/n9           1         1     0.002        0.000       2   
dpu_output[0]            1         1     0.000        0.000       2   
dpu_output[1]            1         1     0.000        0.000       2   
dpu_output[2]            1         1     0.000        0.000       2   
dpu_output[3]            1         1     0.000        0.000       2   
dpu_status[0]            5         1     0.011        0.000       6   d
dpu_status[1]            3         1     0.006        0.000       4   
dpu_status[2]            2         1     0.002        0.000       3   d
dpu_status[3]            4         1     0.008        0.000       5   d
dpu_w[0]                 1         1     0.002        0.000       2   
dpu_w[1]                 1         1     0.002        0.000       2   
dpu_w[2]                 1         1     0.002        0.000       2   
dpu_w[3]                 1         1     0.002        0.000       2   
dpu_x[0]                 3         1     0.006        0.000       4   
dpu_x[1]                 1         1     0.004        0.000       2   
dpu_x[2]                 3         1     0.038        0.000       4   
dpu_x[3]                 4         1     0.051        0.000       5   
dpu_y[0]                 3         1     0.009        0.000       4   
dpu_y[1]                 3         1     0.022        0.000       4   
dpu_y[2]                 3         1     0.022        0.000       4   
dpu_y[3]                 4         1     0.032        0.000       5   
dpu_z[0]                 1         1     0.002        0.000       2   
dpu_z[1]                 1         1     0.002        0.000       2   
dpu_z[2]                 1         1     0.002        0.000       2   
dpu_z[3]                 1         1     0.002        0.000       2   
inst[0]                  3         1     0.007        0.000       4   
inst[1]                  3         1     0.007        0.000       4   
n1                       1         1     0.004        0.000       2   
n2                       1         1     0.002        0.000       2   
n3                       2         1     0.006        0.000       3   
n4                       1         1     0.002        0.000       2   
n5                       2         1     0.011        0.000       3   
n6                       3         1     0.038        0.000       4   
n7                       1         1     0.002        0.000       2   d
n8                       1         1     0.002        0.000       2   
n9                       1         1     0.002        0.000       2   
n10                      2         1     0.004        0.000       3   
n11                      2         1     0.005        0.000       3   
n12                      2         1     0.006        0.000       3   
n13                      1         1     0.002        0.000       2   d
n14                      1         1     0.002        0.000       2   d
n16                      1         1     0.002        0.000       2   
n17                      2         1     0.005        0.000       3   
n18                      1         1     0.002        0.000       2   d
n19                      1         1     0.002        0.000       2   d
n21                      1         1     0.002        0.000       2   
n22                      1         1     0.002        0.000       2   
n23                      1         1     0.002        0.000       2   d
n24                      1         1     0.002        0.000       2   
n25                      1         1     0.002        0.000       2   d
n26                      1         1     0.003        0.000       2   
n27                      1         1     0.002        0.000       2   d
n28                      2         1     0.005        0.000       3   d
n29                      4         1     0.009        0.000       5   
n30                      1         1     0.003        0.000       2   
n31                      1         1     0.002        0.000       2   
n32                      4         1     0.009        0.000       5   
n33                      1         1     0.002        0.000       2   
n34                      1         1     0.002        0.000       2   
n35                      1         1     0.002        0.000       2   
n36                      1         1     0.002        0.000       2   
n37                      1         1     0.002        0.000       2   
n38                      1         1     0.002        0.000       2   
n39                      1         1     0.002        0.000       2   
n40                      1         1     0.002        0.000       2   
n41                      1         1     0.002        0.000       2   
n42                      1         1     0.002        0.000       2   
n43                      2         1     0.007        0.000       3   d
n44                      1         1     0.002        0.000       2   
n45                      1         1     0.002        0.000       2   
n46                      1         1     0.002        0.000       2   d
n47                      1         1     0.002        0.000       2   d
n48                      1         1     0.002        0.000       2   d
n49                      1         1     0.002        0.000       2   
n50                      1         1     0.002        0.000       2   
n51                      1         1     0.002        0.000       2   
n52                      1         1     0.002        0.000       2   
n53                      1         1     0.002        0.000       2   
n54                      1         1     0.002        0.000       2   
n55                      1         1     0.002        0.000       2   
n56                      1         1     0.002        0.000       2   
n57                      1         1     0.003        0.000       2   d
n58                      2         1     0.004        0.000       3   
n59                      1         1     0.002        0.000       2   
n60                      2         1     0.006        0.000       3   d
n62                      2         1     0.004        0.000       3   
n63                      3         1     0.008        0.000       4   
n64                      3         1     0.008        0.000       4   
n65                      4         1     0.011        0.000       5   
n66                      5         1     0.013        0.000       6   
n67                      1         1     0.003        0.000       2   
n68                      4         1     0.012        0.000       5   d
n69                      1         1     0.002        0.000       2   
n70                      1         1     0.002        0.000       2   
n71                      1         1     0.002        0.000       2   
n72                      1         1     0.002        0.000       2   
n73                      1         1     0.002        0.000       2   
n74                      1         1     0.002        0.000       2   
n75                      1         1     0.002        0.000       2   
n76                      1         1     0.002        0.000       2   
n77                      1         1     0.002        0.000       2   
n78                      1         1     0.002        0.000       2   
n79                      1         1     0.002        0.000       2   
n80                      1         1     0.002        0.000       2   
n82                      2         1     0.016        0.000       3   
n83                      1         1     0.008        0.000       2   
n84                      1         1     0.002        0.000       2   
n85                      1         1     0.002        0.000       2   
n86                      1         1     0.002        0.000       2   
n87                      1         1     0.002        0.000       2   
n88                      1         1     0.002        0.000       2   
n89                      1         1     0.002        0.000       2   
n90                      1         1     0.002        0.000       2   
n91                      1         1     0.002        0.000       2   
n92                      1         1     0.002        0.000       2   
n93                     24         1     0.054        0.000      25   
n94                      1         1     0.003        0.000       2   
n95                      3         1     0.008        0.000       4   
n96                      1         1     0.002        0.000       2   
n97                      1         1     0.002        0.000       2   
n98                      1         1     0.002        0.000       2   
n99                      1         1     0.002        0.000       2   
n100                     2         1     0.006        0.000       3   
n101                     1         1     0.003        0.000       2   
n102                     1         1     0.010        0.000       2   
n103                     1         1     0.010        0.000       2   
n104                     1         1     0.010        0.000       2   
n105                     2         1     0.007        0.000       3   
n106                     3         1     0.008        0.000       4   
n107                     4         1     0.010        0.000       5   
n109                     1         1     0.002        0.000       2   
n110                     1         1     0.002        0.000       2   
n111                     1         1     0.002        0.000       2   
n112                     1         1     0.002        0.000       2   
n113                     1         1     0.002        0.000       2   
n114                     1         1     0.002        0.000       2   
op_arith[0]              2         1     0.004        0.000       3   d
op_arith[1]              7         1     0.019        0.000       8   d
op_logic[0]              9         1     0.022        0.000      10   d
op_logic[1]              1         1     0.002        0.000       2   
rst                      3         1     0.006        0.000       4   
--------------------------------------------------------------------------------
Total 230 nets         404       230     1.332        0.000     634
Maximum                 26         1     0.214        0.000      27
Average              1.757     1.000     0.006        0.000   2.757
